78 945
1 2
1 3
1 4
1 5
1 6
1 7
1 8
1 9
1 10
1 11
1 12
1 13
1 14
1 15
1 16
1 17
1 18
1 19
1 20
1 31
1 32
1 33
1 61
1 62
1 63
1 64
2 3
2 4
2 5
2 6
2 7
2 8
2 9
2 10
2 11
2 12
2 13
2 14
2 15
2 16
2 17
2 18
2 19
2 20
2 31
2 32
2 33
2 61
2 62
2 63
2 64
3 4
3 5
3 6
3 7
3 8
3 9
3 10
3 11
3 12
3 13
3 14
3 15
3 16
3 17
3 18
3 19
3 20
3 31
3 32
3 33
3 61
3 62
3 63
3 64
4 5
4 6
4 7
4 8
4 9
4 10
4 11
4 12
4 13
4 14
4 15
4 16
4 17
4 18
4 19
4 20
4 31
4 32
4 33
4 61
4 62
4 63
4 64
5 6
5 7
5 8
5 9
5 10
5 11
5 12
5 13
5 14
5 15
5 16
5 17
5 18
5 19
5 20
5 31
5 32
5 33
5 61
5 62
5 63
5 64
6 7
6 8
6 9
6 10
6 11
6 12
6 13
6 14
6 15
6 16
6 17
6 18
6 19
6 20
6 31
6 32
6 33
6 61
6 62
6 63
6 64
7 8
7 9
7 10
7 11
7 12
7 13
7 14
7 15
7 16
7 17
7 18
7 23
7 24
7 35
7 36
7 37
7 67
7 68
7 69
7 70
8 9
8 10
8 11
8 12
8 13
8 14
8 15
8 16
8 17
8 18
8 23
8 24
8 35
8 36
8 37
8 67
8 68
8 69
8 70
9 10
9 11
9 12
9 13
9 14
9 15
9 16
9 17
9 18
9 23
9 24
9 35
9 36
9 37
9 67
9 68
9 69
9 70
10 11
10 12
10 13
10 14
10 15
10 16
10 17
10 18
10 23
10 24
10 35
10 36
10 37
10 67
10 68
10 69
10 70
11 12
11 13
11 14
11 15
11 16
11 17
11 18
11 23
11 24
11 35
11 36
11 37
11 67
11 68
11 69
11 70
12 13
12 14
12 15
12 16
12 17
12 18
12 23
12 24
12 35
12 36
12 37
12 67
12 68
12 69
12 70
13 14
13 15
13 16
13 17
13 18
13 25
13 26
13 38
13 71
13 72
14 15
14 16
14 17
14 18
14 25
14 26
14 38
14 71
14 72
15 16
15 17
15 18
15 25
15 26
15 38
15 71
15 72
16 17
16 18
16 25
16 26
16 38
16 71
16 72
17 18
17 25
17 26
17 38
17 71
17 72
18 25
18 26
18 38
18 71
18 72
19 20
19 21
19 22
19 23
19 24
19 25
19 26
19 27
19 28
19 29
19 30
19 31
19 32
19 33
19 61
19 62
19 63
19 64
20 21
20 22
20 23
20 24
20 25
20 26
20 27
20 28
20 29
20 30
20 31
20 32
20 33
20 61
20 62
20 63
20 64
21 22
21 23
21 24
21 25
21 26
21 27
21 28
21 29
21 30
21 34
21 43
21 44
21 45
21 46
21 47
21 48
21 65
21 66
22 23
22 24
22 25
22 26
22 27
22 28
22 29
22 30
22 34
22 43
22 44
22 45
22 46
22 47
22 48
22 65
22 66
23 24
23 25
23 26
23 27
23 28
23 29
23 30
23 35
23 36
23 37
23 67
23 68
23 69
23 70
24 25
24 26
24 27
24 28
24 29
24 30
24 35
24 36
24 37
24 67
24 68
24 69
24 70
25 26
25 27
25 28
25 29
25 30
25 38
25 71
25 72
26 27
26 28
26 29
26 30
26 38
26 71
26 72
27 28
27 29
27 30
27 39
27 49
27 50
27 51
27 52
27 53
27 54
27 73
27 74
28 29
28 30
28 39
28 49
28 50
28 51
28 52
28 53
28 54
28 73
28 74
29 30
29 40
29 41
29 42
29 55
29 56
29 57
29 58
29 59
29 60
29 75
29 76
29 77
29 78
30 40
30 41
30 42
30 55
30 56
30 57
30 58
30 59
30 60
30 75
30 76
30 77
30 78
31 32
31 33
31 34
31 35
31 36
31 37
31 38
31 39
31 40
31 41
31 42
31 61
31 62
31 63
31 64
32 33
32 34
32 35
32 36
32 37
32 38
32 39
32 40
32 41
32 42
32 61
32 62
32 63
32 64
33 34
33 35
33 36
33 37
33 38
33 39
33 40
33 41
33 42
33 61
33 62
33 63
33 64
34 35
34 36
34 37
34 38
34 39
34 40
34 41
34 42
34 43
34 44
34 45
34 46
34 47
34 48
34 65
34 66
35 36
35 37
35 38
35 39
35 40
35 41
35 42
35 67
35 68
35 69
35 70
36 37
36 38
36 39
36 40
36 41
36 42
36 67
36 68
36 69
36 70
37 38
37 39
37 40
37 41
37 42
37 67
37 68
37 69
37 70
38 39
38 40
38 41
38 42
38 71
38 72
39 40
39 41
39 42
39 49
39 50
39 51
39 52
39 53
39 54
39 73
39 74
40 41
40 42
40 55
40 56
40 57
40 58
40 59
40 60
40 75
40 76
40 77
40 78
41 42
41 55
41 56
41 57
41 58
41 59
41 60
41 75
41 76
41 77
41 78
42 55
42 56
42 57
42 58
42 59
42 60
42 75
42 76
42 77
42 78
43 44
43 45
43 46
43 47
43 48
43 49
43 50
43 51
43 52
43 53
43 54
43 55
43 56
43 57
43 58
43 59
43 60
43 65
43 66
44 45
44 46
44 47
44 48
44 49
44 50
44 51
44 52
44 53
44 54
44 55
44 56
44 57
44 58
44 59
44 60
44 65
44 66
45 46
45 47
45 48
45 49
45 50
45 51
45 52
45 53
45 54
45 55
45 56
45 57
45 58
45 59
45 60
45 65
45 66
46 47
46 48
46 49
46 50
46 51
46 52
46 53
46 54
46 55
46 56
46 57
46 58
46 59
46 60
46 65
46 66
47 48
47 49
47 50
47 51
47 52
47 53
47 54
47 55
47 56
47 57
47 58
47 59
47 60
47 65
47 66
48 49
48 50
48 51
48 52
48 53
48 54
48 55
48 56
48 57
48 58
48 59
48 60
48 65
48 66
49 50
49 51
49 52
49 53
49 54
49 55
49 56
49 57
49 58
49 59
49 60
49 73
49 74
50 51
50 52
50 53
50 54
50 55
50 56
50 57
50 58
50 59
50 60
50 73
50 74
51 52
51 53
51 54
51 55
51 56
51 57
51 58
51 59
51 60
51 73
51 74
52 53
52 54
52 55
52 56
52 57
52 58
52 59
52 60
52 73
52 74
53 54
53 55
53 56
53 57
53 58
53 59
53 60
53 73
53 74
54 55
54 56
54 57
54 58
54 59
54 60
54 73
54 74
55 56
55 57
55 58
55 59
55 60
55 75
55 76
55 77
55 78
56 57
56 58
56 59
56 60
56 75
56 76
56 77
56 78
57 58
57 59
57 60
57 75
57 76
57 77
57 78
58 59
58 60
58 75
58 76
58 77
58 78
59 60
59 75
59 76
59 77
59 78
60 75
60 76
60 77
60 78
61 62
61 63
61 64
61 65
61 66
61 67
61 68
61 69
61 70
61 71
61 72
61 73
61 74
61 75
61 76
61 77
61 78
62 63
62 64
62 65
62 66
62 67
62 68
62 69
62 70
62 71
62 72
62 73
62 74
62 75
62 76
62 77
62 78
63 64
63 65
63 66
63 67
63 68
63 69
63 70
63 71
63 72
63 73
63 74
63 75
63 76
63 77
63 78
64 65
64 66
64 67
64 68
64 69
64 70
64 71
64 72
64 73
64 74
64 75
64 76
64 77
64 78
65 66
65 67
65 68
65 69
65 70
65 71
65 72
65 73
65 74
65 75
65 76
65 77
65 78
66 67
66 68
66 69
66 70
66 71
66 72
66 73
66 74
66 75
66 76
66 77
66 78
67 68
67 69
67 70
67 71
67 72
67 73
67 74
67 75
67 76
67 77
67 78
68 69
68 70
68 71
68 72
68 73
68 74
68 75
68 76
68 77
68 78
69 70
69 71
69 72
69 73
69 74
69 75
69 76
69 77
69 78
70 71
70 72
70 73
70 74
70 75
70 76
70 77
70 78
71 72
71 73
71 74
71 75
71 76
71 77
71 78
72 73
72 74
72 75
72 76
72 77
72 78
73 74
73 75
73 76
73 77
73 78
74 75
74 76
74 77
74 78
75 76
75 77
75 78
76 77
76 78
77 78
