41 512
1 3
1 4
1 7
1 8
1 9
1 11
1 12
1 13
1 16
1 17
1 19
1 20
1 22
1 24
1 25
1 28
1 30
1 31
1 32
1 33
1 35
1 38
1 39
1 41
2 3
2 6
2 8
2 10
2 11
2 12
2 14
2 15
2 16
2 17
2 20
2 21
2 24
2 25
2 26
2 27
2 28
2 30
2 31
2 32
2 37
2 38
2 39
2 41
3 4
3 5
3 6
3 8
3 9
3 10
3 13
3 14
3 16
3 17
3 18
3 19
3 20
3 21
3 22
3 24
3 25
3 26
3 27
3 28
3 29
3 30
3 31
3 34
3 35
3 40
3 41
4 5
4 7
4 14
4 17
4 19
4 20
4 21
4 23
4 24
4 25
4 26
4 27
4 28
4 31
4 32
4 34
4 36
4 37
4 38
4 39
4 40
4 41
5 7
5 8
5 9
5 11
5 12
5 13
5 15
5 17
5 18
5 22
5 26
5 27
5 28
5 29
5 31
5 32
5 33
5 34
5 36
5 37
5 38
5 39
5 40
5 41
6 8
6 10
6 11
6 12
6 13
6 14
6 15
6 16
6 17
6 18
6 21
6 23
6 24
6 25
6 26
6 27
6 31
6 32
6 33
6 35
6 37
6 38
6 41
7 12
7 13
7 15
7 19
7 22
7 24
7 25
7 29
7 30
7 32
7 33
7 34
7 35
7 38
7 40
8 9
8 11
8 12
8 13
8 14
8 15
8 16
8 22
8 23
8 24
8 25
8 26
8 27
8 28
8 31
8 32
8 34
8 36
8 37
8 39
8 41
9 11
9 16
9 21
9 22
9 24
9 25
9 26
9 27
9 28
9 30
9 32
9 33
9 35
9 36
9 37
9 38
9 39
9 40
10 11
10 12
10 13
10 14
10 19
10 21
10 23
10 24
10 27
10 28
10 29
10 33
10 34
10 37
10 38
10 39
10 40
10 41
11 12
11 13
11 14
11 15
11 16
11 17
11 18
11 19
11 20
11 22
11 23
11 25
11 26
11 27
11 28
11 29
11 31
11 33
11 34
11 36
11 37
11 38
11 39
11 40
12 14
12 15
12 16
12 18
12 20
12 21
12 22
12 24
12 25
12 26
12 28
12 30
12 31
12 32
12 33
12 34
12 35
12 37
12 38
12 39
12 41
13 14
13 16
13 17
13 18
13 20
13 21
13 22
13 23
13 25
13 26
13 28
13 29
13 30
13 32
13 35
13 37
13 38
13 39
13 40
13 41
14 16
14 17
14 18
14 19
14 20
14 23
14 25
14 28
14 29
14 30
14 32
14 33
14 34
14 35
14 36
14 37
14 38
14 40
15 17
15 22
15 23
15 25
15 26
15 27
15 32
15 33
15 35
15 36
15 39
15 40
15 41
16 17
16 22
16 26
16 27
16 28
16 29
16 30
16 32
16 34
16 35
16 36
16 40
17 18
17 22
17 23
17 24
17 29
17 31
17 34
17 36
17 37
17 38
17 39
17 40
17 41
18 21
18 25
18 29
18 30
18 31
18 32
18 33
18 34
18 35
18 37
18 38
18 40
19 21
19 23
19 24
19 25
19 26
19 27
19 28
19 29
19 30
19 32
19 33
19 34
19 35
19 36
19 37
20 23
20 24
20 26
20 28
20 29
20 30
20 31
20 32
20 33
20 34
20 35
20 36
20 37
20 39
21 22
21 23
21 24
21 26
21 27
21 28
21 29
21 30
21 31
21 32
21 34
21 35
21 36
21 38
21 39
21 40
21 41
22 29
22 30
22 32
22 33
22 34
22 35
22 39
22 40
22 41
23 25
23 26
23 27
23 29
23 30
23 32
23 33
23 35
23 38
24 26
24 27
24 30
24 32
24 34
24 35
24 36
24 38
24 40
24 41
25 27
25 28
25 30
25 31
25 32
25 34
25 35
25 36
25 37
25 39
25 40
25 41
26 27
26 28
26 29
26 30
26 31
26 32
26 34
26 36
26 37
26 38
26 39
27 29
27 32
27 33
27 35
27 36
27 39
27 41
28 29
28 30
28 31
28 32
28 33
28 34
28 36
28 38
28 39
28 41
29 30
29 31
29 33
29 35
29 36
29 37
29 38
29 39
29 40
29 41
30 32
30 33
30 35
30 36
30 38
30 40
30 41
31 32
31 34
31 37
31 38
31 39
32 34
32 35
32 37
32 39
32 40
32 41
33 35
33 36
33 37
33 38
33 39
34 35
34 36
34 37
34 39
34 40
35 36
35 37
35 39
35 41
36 37
36 38
36 39
37 38
38 40
39 40
40 41
